8164
8148
8557
8578
8169
8797
8975
8491
9166
8997
9167
9167
9166
9170
8996
9170
9170
9185
8359
8545
8855
8569
8316
8998
8572
8569
8569
8572
8572
8583
8140
8574
8556
8571
8572
8570
8574
8565
9170
9172
8997
9558
8767
8370
9174
9171
9172
8997
9173
9174
9172
8997
8767
8996
9174
9176
9175
9175
9000
9174
9172
9175
8769
9009
8487
8592
8287
9176
9202
8824
8749
8588
8392
9177
9179
9177
9177
8996
9178
9178
9179
9188
9181
8994
9181
9164
9177
9175
8997
9180
9179
9183
9182
9182
9215
9181
9000
9181
9181
9182
